$1 -34.5073 0 0 A0 (155, 130) [140, 183]
$6 -40.4552 25.841475253082 25.841475253082 A1 (128, 108) [22, 29, 55, 99, 125]
$1 -52.4712 0 0 A2 (282, 136) [5, 62, 65, 69, 174]
$1 -15.0177 0 0 A3 (97, 282) [23, 30, 41, 56, 74]
$3 -71.7317 186.2883 186.2883 B4 (350, 291) [7, 38, 42, 100, 148]
$1 -52.3234 0 0 A5 (36, 241) [2, 88, 151]
$1 -20.1879 0 0 A6 (190, 267) [122]
$1 -46.915 0 0 A7 (343, 237) [4, 8, 24, 102, 124, 170]
$1 -35.9719 0 0 A8 (175, 263) [7, 13, 23, 74]
$1 -55.6336 0 0 A9 (352, 118) [62, 86, 144]
$1 -22.044 0 0 A10 (214, 59) [68, 174]
$3 -21.9061 223.1325 223.1325 A11 (216, 327) [76]
$6 -49.6969 31.7447747509564 31.7447747509564 A12 (13, 191) [20, 49, 182]
$6 -23.8316 15.2228564348057 15.2228564348057 A13 (168, 141) [8, 107]
$1 -70.8806 0 0 B14 (381, 282) [17, 27, 71, 179]
$3 -45.3915 205.6842 205.6842 A15 (110, 371) [121]
$6 -40.7953 26.0587201495001 26.0587201495001 A16 (26, 48) [70, 80, 91, 170]
$1 -21.3396 0 0 A17 (251, 241) [14, 89]
$1 -61.5074 0 0 A18 (261, 128) [64, 129]
$1 -59.3212 0 0 A19 (3, 307) [32, 41, 56, 145]
$6 -50.5652 32.2994167490741 32.2994167490741 A20 (172, 124) [12, 30, 162, 170]
$1 -62.8108 0 0 A21 (31, 320) [61, 131, 173]
$1 -66.9703 0 0 A22 (95, 35) [1, 40, 80, 116, 126, 142, 177]
$1 -62.7277 0 0 A23 (104, 343) [3, 8, 31, 141]
$1 -67.0909 0 0 A24 (103, 157) [7, 109, 130, 142, 188]
$1 -33.1822 0 0 A25 (324, 188) [65, 112, 162, 175]
$6 -43.6367 27.8737147060493 27.8737147060493 A26 (126, 48) [105, 112, 177, 190]
$1 -73.3695 0 0 A27 (226, 365) [14, 119, 188]
$3 -52.1296 199.0449 199.0449 A28 (109, 165) [35, 77, 113]
$1 -57.6674 0 0 A29 (170, 258) [1, 30]
$1 -53.6111 0 0 A30 (155, 247) [3, 20, 29, 33, 36, 60, 74, 88, 101, 127]
$1 -52.5857 0 0 A31 (105, 327) [23, 196]
$1 -28.3023 0 0 A32 (25, 304) [19, 51, 190]
$1 -43.1259 0 0 A33 (109, 284) [30, 41, 74, 82]
$6 -33.1046 21.1461493618417 21.1461493618417 A34 (85, 39) [109, 126, 173, 196]
$1 -53.7617 0 0 B35 (294, 340) [28, 50, 194]
$3 -50.2728 268.7769 268.7769 A36 (0, 180) [30, 51, 120, 154]
$1 -45.9747 0 0 A37 (220, 78) [57]
$1 -56.4247 0 0 B38 (328, 267) [4, 68, 100, 118]
$1 -23.359 0 0 A39 (201, 81) [73, 139, 142, 196]
$3 -64.4595 186.3189 186.3189 A40 (81, 121) [22, 48, 106, 140]
$1 -62.2541 0 0 A41 (51, 279) [3, 19, 33, 74, 185, 186]
$1 -34.9891 0 0 A42 (225, 136) [4, 123, 156]
$6 -28.1836 18.002773486295 18.002773486295 A43 (7, 25) [66, 99]
$1 -53.4519 0 0 A44 (242, 259) [72]
$1 -43.7349 0 0 A45 (253, 207) [74, 75, 98, 100, 108, 136, 150, 161, 162, 171, 184]
$3 -32.6571 219.2535 219.2535 A46 (9, 71) [66, 78, 190]
$1 -43.7058 0 0 B47 (272, 275) [87, 124]
$1 -24.7838 0 0 A48 (52, 112) [40, 155, 197]
$3 -62.4723 188.4393 188.4393 A49 (95, 369) [12, 96, 145, 179]
$3 -17.3368 269.6049 269.6049 B50 (332, 292) [35, 96, 189]
$3 -54.9067 196.2225 196.2225 A51 (57, 295) [32, 36, 190]
$1 -68.7775 0 0 B52 (340, 285) [92, 181]
$1 -19.7567 0 0 A53 (223, 170) [135, 155, 176]
$3 -32.057 219.7287 219.7287 A54 (213, 374) [87]
$6 -61.1429 39.0561099006227 39.0561099006227 A55 (181, 96) [1, 60, 177]
$3 -38.1244 208.9989 208.9989 A56 (30, 382) [3, 19, 61, 120]
$3 -23.3615 228.7746 228.7746 A57 (331, 22) [37, 63]
$6 -50.477 32.2430774375067 32.2430774375067 A58 (113, 170) [110, 125, 147, 169]
$1 -68.814 0 0 A59 (258, 136) [156]
$1 -40.3514 0 0 A60 (120, 242) [30, 55, 82, 121, 137]
$1 -32.7474 0 0 A61 (55, 362) [21, 56, 92, 141]
$3 -60.8959 224.2359 224.2359 A62 (304, 165) [2, 9, 83, 86, 89]
$1 -49.5814 0 0 A63 (366, 2) [57, 113, 168]
$1 -47.7868 0 0 A64 (211, 214) [18]
$1 -43.2117 0 0 A65 (257, 165) [2, 25]
$6 -57.5325 36.749902979047 36.749902979047 A66 (64, 49) [43, 46, 115, 152]
$6 -57.736 36.8798922069832 36.8798922069832 A67 (5, 128) [158]
$3 -55.7609 195.3225 195.3225 A68 (245, 21) [10, 38, 69, 93]
$1 -66.8265 0 0 A69 (329, 92) [2, 68, 93, 94, 188]
$6 -30.4268 19.4356572018054 19.4356572018054 A70 (40, 2) [16, 196]
$1 -61.5623 0 0 B71 (297, 328) [14, 146]
$3 -32.4685 676.9899 676.9899 A72 (157, 333) [44, 88, 97, 185, 188]
$6 -47.9561 30.6328079303607 30.6328079303607 A73 (197, 32) [39, 191]
$1 -63.7863 0 0 A74 (108, 244) [3, 8, 30, 33, 41, 45]
$3 -28.5285 565.6779 565.6779 B75 (273, 351) [45, 149, 181]
$3 -73.3585 636.0444 636.0444 A76 (137, 362) [11, 178]
$6 -52.6426 33.626392779121 33.626392779121 A77 (111, 181) [28]
$3 -27.8573 299.6667 299.6667 A78 (122, 17) [46, 152, 167, 186]
$1 -67.4021 0 0 A79 (37, 338) [187, 195]
$6 -46.2385 29.5356605205174 29.5356605205174 A80 (8, 138) [16, 22, 117, 154, 182, 186]
$1 -35.2243 0 0 A81 (167, 238) [83, 131, 154]
$1 -24.2183 0 0 A82 (209, 246) [33, 60, 119, 162, 181]
$1 -53.391 0 0 A83 (244, 148) [62, 81, 105]
$1 -42.6245 0 0 A84 (91, 94) [107, 126]
$1 -69.6749 0 0 A85 (95, 318) [184]
$1 -26.5916 0 0 A86 (357, 193) [9, 62, 114, 161]
$1 -49.8853 0 0 B87 (289, 370) [47, 54, 178]
$1 -50.6806 0 0 A88 (156, 286) [5, 30, 72, 131, 184]
$1 -60.607 0 0 A89 (301, 181) [17, 62, 138]
$1 -54.0459 0 0 B90 (252, 367) [119, 131]
$1 -60.2796 0 0 A91 (358, 13) [16, 153, 168]
$1 -28.5555 0 0 A92 (163, 343) [52, 61, 199]
$1 -33.5499 0 0 A93 (376, 20) [68, 69, 133]
$1 -59.2209 0 0 A94 (240, 12) [69, 198]
$3 -43.7244 276.6744 276.6744 A95 (93, 234) [165]
$1 -15.1141 0 0 A96 (208, 347) [49, 50, 120, 123]
$1 -67.5886 0 0 A97 (90, 324) [72, 178]
$1 -73.8136 0 0 A98 (348, 104) [45, 161, 176]
$1 -48.4462 0 0 A99 (125, 65) [1, 43]
$1 -40.8077 0 0 B100 (305, 290) [4, 38, 45, 157]
$1 -46.5284 0 0 A101 (277, 186) [30]
$1 -28.451 0 0 A102 (250, 175) [7, 180]
$1 -53.8402 0 0 B103 (327, 348) [183, 194]
$1 -31.9369 0 0 A104 (85, 202) [130]
$1 -69.297 0 0 A105 (140, 172) [26, 83, 176]
$6 -30.9754 19.7860851646838 19.7860851646838 A106 (13, 16) [40, 116, 117]
$6 -56.8074 36.2867325162632 36.2867325162632 A107 (82, 59) [13, 84]
$1 -38.7786 0 0 B108 (340, 308) [45, 110, 123, 157]
$3 -59.1666 191.88 191.88 A109 (31, 148) [24, 34, 122]
$3 -42.3859 209.2149 209.2149 A110 (164, 229) [58, 108, 176]
$6 -24.4087 15.5914892772722 15.5914892772722 A111 (36, 57) [164, 165]
$1 -59.2614 0 0 A112 (259, 193) [25, 26, 139]
$6 -52.45 33.5033661191677 33.5033661191677 A113 (197, 64) [28, 63, 196]
$1 -58.5482 0 0 B114 (320, 298) [86, 159]
$1 -15.4386 0 0 A115 (181, 259) [66, 128]
$6 -26.3343 16.8215003697235 16.8215003697235 A116 (67, 10) [22, 106]
$3 -40.1718 211.5117 211.5117 A117 (17, 1) [80, 106, 142]
$1 -35.4917 0 0 A118 (328, 97) [38, 180]
$1 -51.3728 0 0 A119 (209, 385) [27, 82, 90, 141, 160]
$1 -67.244 0 0 A120 (69, 149) [36, 56, 96, 154, 155]
$3 -68.1039 593.7489 593.7489 A121 (201, 173) [15, 60, 129]
$6 -63.7571 40.7259764346308 40.7259764346308 A122 (9, 200) [6, 109]
$1 -29.1401 0 0 B123 (365, 318) [42, 96, 108, 157, 197]
$1 -44.3347 0 0 B124 (252, 285) [7, 47, 199]
$1 -66.7638 0 0 A125 (125, 189) [1, 58, 147]
$3 -31.1258 349.4088 349.4088 A126 (91, 79) [22, 34, 84, 140, 153, 158]
$1 -39.0931 0 0 A127 (90, 276) [30]
$6 -49.3126 31.4992963219842 31.4992963219842 A128 (137, 227) [115]
$1 -41.0144 0 0 A129 (249, 134) [18, 121]
$3 -20.7641 231.435 231.435 A130 (135, 198) [24, 104, 140]
$1 -30.9297 0 0 A131 (234, 240) [21, 81, 88, 90, 177]
$3 -40.3532 211.32 211.32 A132 (386, 236) [160]
$3 -32.7792 218.9664 218.9664 A133 (253, 62) [93, 174]
$1 -50.7039 0 0 A134 (232, 94) [198]
$1 -40.0147 0 0 A135 (215, 164) [53, 155]
$1 -24.8148 0 0 A136 (232, 44) [45, 142, 150]
$3 -35.2929 216.2034 216.2034 B137 (308, 284) [60]
$1 -25.6766 0 0 A138 (243, 6) [89, 191, 193]
$1 -23.2904 0 0 A139 (340, 58) [39, 112, 155]
$6 -71.5841 45.7256112604597 45.7256112604597 A140 (195, 156) [0, 40, 126, 130]
$3 -65.0262 185.7825 185.7825 A141 (103, 374) [23, 61, 119, 145]
$6 -51.5233 32.911420087087 32.911420087087 A142 (190, 29) [22, 24, 39, 117, 136, 156, 193]
$1 -29.0232 0 0 A143 (243, 79) [150, 177, 196]
$1 -69.8896 0 0 A144 (335, 227) [9, 171]
$1 -34.6162 0 0 A145 (32, 348) [19, 49, 141]
$1 -49.8639 0 0 B146 (305, 356) [71, 194]
$1 -52.1511 0 0 A147 (93, 176) [58, 125]
$1 -48.2833 0 0 A148 (382, 176) [4]
$3 -17.8004 234.1611 234.1611 B149 (385, 284) [75, 163]
$1 -45.8623 0 0 A150 (280, 115) [45, 136, 143, 176]
$1 -59.888 0 0 A151 (176, 121) [5, 193]
$6 -38.624 24.6717638319682 24.6717638319682 A152 (123, 24) [66, 78, 158]
$1 -36.6835 0 0 A153 (347, 13) [91, 126]
$1 -16.7317 0 0 A154 (8, 152) [36, 80, 81, 120]
$1 -59.2007 0 0 A155 (210, 93) [48, 53, 120, 135, 139]
$6 -62.5498 39.9547921845704 39.9547921845704 A156 (186, 92) [42, 59, 142]
$1 -46.6552 0 0 B157 (280, 322) [100, 108, 123]
$3 -17.8669 237.0177 237.0177 A158 (47, 34) [67, 126, 152, 196]
$3 -17.6515 234.7434 234.7434 B159 (309, 330) [114, 160]
$1 -19.6304 0 0 A160 (232, 374) [119, 132, 159, 162, 188]
$1 -26.9116 0 0 A161 (381, 125) [45, 86, 98]
$1 -67.1774 0 0 B162 (282, 294) [20, 25, 45, 82, 160]
$1 -60.8647 0 0 B163 (301, 276) [149]
$6 -57.0516 36.4427195897866 36.4427195897866 A164 (58, 153) [111, 182]
$6 -53.7099 34.3081495505031 34.3081495505031 A165 (61, 119) [95, 111]
$1 -61.7163 0 0 A166 (86, 343) [189]
$1 -67.2948 0 0 A167 (278, 21) [78, 192]
$1 -63.5548 0 0 A168 (332, 27) [63, 91]
$1 -45.8684 0 0 A169 (140, 121) [58, 172]
$6 -42.5871 27.203264123043 27.203264123043 A170 (143, 89) [7, 16, 20, 193]
$3 -57.09 194.0193 194.0193 A171 (285, 226) [45, 144]
$6 -27.6257 17.6464049837615 17.6464049837615 A172 (129, 60) [169]
$1 -61.6691 0 0 A173 (11, 256) [21, 34]
$1 -56.5263 0 0 A174 (207, 64) [2, 10, 133]
$1 -44.9178 0 0 A175 (277, 138) [25]
$1 -25.5822 0 0 A176 (270, 217) [53, 98, 105, 110, 150]
$3 -72.6596 249.2082 249.2082 A177 (248, 144) [22, 26, 55, 131, 143]
$1 -15.1937 0 0 A178 (168, 354) [76, 87, 97]
$1 -43.9185 0 0 A179 (248, 287) [14, 49]
$1 -20.7712 0 0 A180 (384, 98) [102, 118]
$1 -44.6421 0 0 B181 (358, 281) [52, 75, 82]
$6 -71.2576 45.5170536048275 45.5170536048275 A182 (5, 182) [12, 80, 164, 186]
$1 -73.1791 0 0 A183 (113, 275) [0, 103]
$1 -28.1167 0 0 A184 (57, 343) [45, 85, 88]
$1 -31.7068 0 0 A185 (202, 368) [41, 72]
$1 -26.8879 0 0 A186 (17, 137) [41, 78, 80, 182, 195]
$6 -41.7738 26.6837543486919 26.6837543486919 A187 (2, 205) [79]
$6 -50.4692 32.2380950494089 32.2380950494089 A188 (105, 198) [24, 27, 69, 72, 160]
$1 -52.2219 0 0 A189 (5, 368) [50, 166]
$1 -54.8216 0 0 A190 (5, 301) [26, 32, 46, 51]
$3 -24.9242 227.2167 227.2167 A191 (205, 55) [73, 138]
$1 -36.6789 0 0 A192 (300, 34) [167]
$1 -48.0387 0 0 A193 (208, 50) [138, 142, 151, 170]
$1 -24.5735 0 0 B194 (330, 356) [35, 103, 146]
$6 -33.0841 21.1330546238924 21.1330546238924 A195 (0, 154) [79, 186]
$6 -59.1431 37.7787022444718 37.7787022444718 A196 (117, 39) [31, 34, 39, 70, 113, 143, 158]
$3 -56.6231 194.3244 194.3244 A197 (233, 222) [48, 123]
$6 -36.5347 23.3371864662337 23.3371864662337 A198 (189, 218) [94, 134]
$1 -15.1263 0 0 A199 (275, 211) [92, 124]

//
0 140 0.0483914 175.927 1
0 183 0.152145 140.329 1
1 22 0.0777158 127.25 1
1 29 0.151283 118.321 1
1 55 0.0560022 147.182 1
1 99 0.0348405 113.992 1
1 125 0.0757025 220.164 1
2 5 0.268171 86.882 1
2 62 0.0315751 262.209 1
2 65 0.0463199 84.9923 1
2 69 0.0715175 149.167 1
2 174 0.0991837 119.372 1
3 23 0.0526788 105.916 1
3 30 0.074841 116.265 1
3 41 0.0530749 35.7401 1
3 56 0.124676 59.3989 1
3 74 0.0420483 50.6571 1
4 7 0.0524308 212.864 1
4 38 0.0256852 157.869 1
4 42 0.206921 70.8888 1
4 100 0.0541268 89.3481 1
4 148 0.12404 60.5406 1
5 88 0.133923 180.082 1
5 151 0.177445 66.191 1
6 122 0.197306 25.3485 1
7 8 0.170598 73.882 1
7 24 0.252752 65.0423 1
7 102 0.116186 75.1294 1
7 124 0.0994879 373.738 1
7 170 0.248385 67.9786 1
8 13 0.127058 68.4692 1
8 23 0.104711 39.2053 1
8 74 0.077985 86.0803 1
9 62 0.0662533 76.6781 1
9 86 0.0722424 53.4175 1
9 144 0.10041 104.46 1
10 68 0.0546918 87.5835 1
10 174 0.0152296 74.2486 1
11 76 0.0946535 278.887 1
12 20 0.177451 84.7787 1
12 49 0.189938 73.2773 1
12 182 0.0142492 103.604 1
13 107 0.119195 54.328 1
14 17 0.140798 80.936 1
14 27 0.185138 143.255 1
14 71 0.0990485 154.203 1
14 179 0.12422 61.6413 1
15 121 0.214318 222.869 1
16 70 0.0516044 48.504 1
16 80 0.0840877 115.224 1
16 91 0.337014 88.3382 1
16 170 0.123562 67.0159 1
17 89 0.0829403 93.4964 1
18 64 0.100096 60.142 1
18 129 0.00535575 137.46 1
19 32 0.0278491 168.763 1
19 41 0.0638109 141.379 1
19 56 0.0776649 107.011 1
19 145 0.0461667 107.227 1
20 30 0.116028 144.219 1
20 162 0.209324 44.25 1
20 170 0.0532798 107.206 1
21 61 0.0508117 137.193 1
21 131 0.226121 43.0506 1
21 173 0.0619116 89.0933 1
22 40 0.0916796 84.4562 1
22 80 0.141408 64.6245 1
22 116 0.0290005 72.5114 1
22 126 0.0510285 201.879 1
22 142 0.0907667 94.2288 1
22 177 0.183168 70.8757 1
23 31 0.0162129 107.745 1
23 141 0.0263808 142.907 1
24 109 0.0771919 133.491 1
24 130 0.0510532 187.473 1
24 142 0.155528 101.155 1
24 188 0.0308603 261.14 1
25 65 0.075889 85.4267 1
25 112 0.0571612 57.6227 1
25 162 0.114427 154.808 1
25 175 0.068669 56.3173 1
26 105 0.117234 54.9198 1
26 112 0.194902 47.9383 1
26 177 0.152673 97.5633 1
26 190 0.281929 67.0616 1
27 119 0.0182121 195.945 1
27 188 0.210772 69.7401 1
28 35 0.259956 130.976 1
28 77 0.00917579 66.0398 1
28 113 0.13374 145.111 1
29 30 0.0208698 180.983 1
30 33 0.0682347 78.8948 1
30 36 0.174801 119.107 1
30 60 0.0305429 649.919 1
30 74 0.0444532 147.148 1
30 88 0.0445562 367.053 1
30 101 0.131128 58.3412 1
30 127 0.0718413 49.0329 1
31 196 0.282051 52.1344 1
32 51 0.027504 147.151 1
32 190 0.0116088 111.461 1
33 41 0.0589032 57.7775 1
33 74 0.0436285 41.7603 1
33 82 0.107669 80.919 1
34 109 0.125004 105.594 1
34 126 0.04653 140.414 1
34 173 0.225792 50.6754 1
34 196 0.0374608 114.249 1
35 50 0.0629534 223.301 1
35 194 0.0326869 206.924 1
36 51 0.125409 90.8902 1
36 120 0.066564 132.862 1
36 154 0.0322923 251.387 1
37 57 0.118874 57.7076 1
38 68 0.260937 107.011 1
38 100 0.0383729 99.0222 1
38 118 0.174912 46.2892 1
39 73 0.0400684 122.337 1
39 139 0.141031 57.1506 1
39 142 0.0620681 63.0143 1
39 196 0.100311 108.519 1
40 48 0.02534 134.496 1
40 106 0.123495 69.6461 1
40 140 0.121628 103.591 1
41 74 0.0640402 44.5682 1
41 185 0.175272 209.984 1
41 186 0.137179 138.278 1
42 123 0.234301 41.6489 1
42 156 0.0629133 67.3761 1
43 66 0.0593265 110.074 1
43 99 0.132425 92.2534 1
44 72 0.122521 67.0429 1
45 74 0.14565 98.7829 1
45 75 0.139919 571.244 1
45 98 0.132499 88.4994 1
45 100 0.107721 149.026 1
45 108 0.133163 116.484 1
45 136 0.162686 84.5195 1
45 150 0.0895462 139.183 1
45 161 0.142239 87.9957 1
45 162 0.0840818 95.3029 1
45 171 0.0388829 173.351 1
45 184 0.242981 56.8806 1
46 66 0.0529633 179.737 1
46 78 0.119915 90.4214 1
46 190 0.231599 89.7288 1
47 87 0.0910025 555.687 1
47 124 0.0207393 513.856 1
48 155 0.1653 90.8917 1
48 197 0.216797 98.8316 1
49 96 0.122293 125.698 1
49 145 0.0738421 144.139 1
49 179 0.180542 105.552 1
50 96 0.136644 197.127 1
50 189 0.335933 142.704 1
51 190 0.0568487 73.5531 1
52 92 0.196133 128.728 1
52 181 0.0243914 185.237 1
53 135 0.0106308 45.258 1
53 155 0.0721121 42.9145 1
53 176 0.0740365 79.5502 1
54 87 0.0859943 266.712 1
55 60 0.157183 212.11 1
55 177 0.0920189 99.6148 1
56 61 0.0248477 204.1 1
56 120 0.244401 82.4483 1
57 63 0.0341045 246.372 1
58 110 0.0739898 172.127 1
58 125 0.0266576 75.4939 1
58 147 0.0197143 44.2625 1
58 169 0.0460041 92.0348 1
59 156 0.0902438 86.2253 1
60 82 0.0986261 244.741 1
60 121 0.110973 782.138 1
60 137 0.200333 262.452 1
61 92 0.103303 170.674 1
61 141 0.0450049 99.1012 1
62 83 0.0659394 85.6854 1
62 86 0.0588219 127.041 1
62 89 0.0204042 181.13 1
63 113 0.170906 120.301 1
63 168 0.0366082 160.291 1
66 115 0.248843 81.1355 1
66 152 0.0591267 135.708 1
67 158 0.103997 72.4253 1
68 69 0.104404 112.744 1
68 93 0.132258 51.4035 1
69 93 0.0818144 84.7262 1
69 94 0.123657 182.666 1
69 188 0.248623 145.981 1
70 196 0.083871 67.317 1
71 146 0.0320041 93.9247 1
72 88 0.0379063 855.658 1
72 97 0.067482 613.907 1
72 185 0.0473914 259.914 1
72 188 0.140916 365.009 1
73 191 0.0278948 164.937 1
75 149 0.129372 260.596 1
75 181 0.116048 388.534 1
76 178 0.0372098 1090.16 1
78 152 0.00355886 246.308 1
78 167 0.158894 130.319 1
78 186 0.161172 134.261 1
79 187 0.139703 52.2773 1
79 195 0.183711 136.559 1
80 117 0.128901 103.991 1
80 154 0.00790883 275.914 1
80 182 0.0442436 151.723 1
80 186 0.000500814 229.858 1
81 83 0.114901 113.361 1
81 131 0.0583943 137.31 1
81 154 0.1801 57.2395 1
82 119 0.143204 113.173 1
82 162 0.0783637 181.457 1
82 181 0.149932 206.078 1
83 105 0.102975 53.9756 1
84 107 0.0308548 93.2259 1
84 126 0.0133017 146.71 1
85 184 0.0512855 87.3672 1
86 114 0.115468 157.213 1
86 161 0.0627454 83.3259 1
87 178 0.124949 486.023 1
88 131 0.083347 225.864 1
88 184 0.112192 152.383 1
89 138 0.182773 99.2816 1
90 119 0.0454808 73.6364 1
90 131 0.129542 68.662 1
91 153 0.0114648 101.022 1
91 168 0.0215341 113.204 1
92 199 0.170671 135.445 1
93 133 0.124626 96.0016 1
94 198 0.221828 108.462 1
95 165 0.121934 316.205 1
96 120 0.244068 66.2313 1
96 123 0.159149 96.6435 1
97 178 0.0852861 715.868 1
98 161 0.0450899 55.7844 1
98 176 0.145223 64.339 1
100 157 0.0373412 114.828 1
102 180 0.145317 42.6855 1
103 183 0.223173 59.4477 1
103 194 0.0125127 87.7226 1
104 130 0.0483068 40.0546 1
105 176 0.130807 55.8634 1
106 116 0.0520199 94.8632 1
106 117 0.0213033 142.188 1
108 110 0.202962 74.2866 1
108 123 0.0292126 99.5869 1
108 157 0.0662577 59.5365 1
109 122 0.0616425 105.353 1
110 176 0.108149 82.8166 1
111 164 0.107111 241.671 1
111 165 0.0747673 290.191 1
112 139 0.162896 51.9439 1
113 196 0.0929747 238.089 1
114 159 0.035997 207.744 1
115 128 0.0570608 61.8126 1
117 142 0.177796 91.0977 1
118 180 0.0500552 24.5907 1
119 141 0.0974992 124.287 1
119 160 0.0337007 238.759 1
120 154 0.0631174 53.2904 1
120 155 0.154017 87.3527 1
121 129 0.0647118 189.023 1
123 157 0.0919035 58.9329 1
123 197 0.153742 140.249 1
124 199 0.0746359 149.024 1
125 147 0.0321831 64.0595 1
126 140 0.127697 106.654 1
126 153 0.268068 136.868 1
126 158 0.0630909 153.118 1
130 140 0.0779245 191.663 1
131 177 0.100798 99.1337 1
132 160 0.212917 229.016 1
133 174 0.0506062 169.869 1
134 198 0.138973 63.092 1
135 155 0.0751521 38.5435 1
136 142 0.0374986 89.7615 1
136 150 0.0825782 38.5829 1
138 191 0.0590155 143.951 1
138 193 0.0525949 85.1071 1
139 155 0.135218 27.5478 1
141 145 0.0786886 89.4299 1
142 156 0.0582358 152.786 1
142 193 0.0322944 91.6253 1
143 150 0.0513946 104.638 1
143 177 0.0688533 107.024 1
143 196 0.12412 86.8951 1
144 171 0.046255 176.078 1
146 194 0.0343413 105.401 1
149 163 0.0907326 76.3912 1
150 176 0.096545 83.5603 1
151 193 0.0686631 59.9061 1
152 158 0.0870476 202.506 1
158 196 0.0633782 191.267 1
159 160 0.0958877 124.74 1
160 162 0.0967363 121.92 1
160 188 0.211537 64.948 1
164 182 0.0524345 203.099 1
166 189 0.0862479 77.3038 1
167 192 0.0274562 45.9569 1
169 172 0.0680042 34.5512 1
170 193 0.0712645 75.7619 1
182 186 0.0491741 123.697 1
186 195 0.0266506 178.047 1
